dataset	feature	n_total	n_active	n_inactive	missing_or_nonfinite	active_mean	inactive_mean	active_median	inactive_median	active_q25	active_q75	inactive_q25	inactive_q75	median_difference_active_minus_inactive	auc	auc_abs_effect	cliffs_delta	effect_size_abs	effect_interpretation	mannwhitney_u	mannwhitney_p	ks_statistic	ks_p	zero_fraction	fdr_q	significant_fdr_0_05	meaningful_auc	meaningful_effect	statistically_and_practically_relevant
molecular_train	Activity_Status	48152	2383	45769	0	1.0	0.0	1.0	0.0	1.0	1.0	0.0	0.0	1.0	1.0	0.5	1.0	1.0	large	109067527.0	0.0	1.0	0.0	0.9505108822063466	0.0	True	True	True	True
molecular_train	FractionCSP3	48152	2383	45769	0	0.4608274887390578	0.594345731972235	0.4347826086956521	0.6071428571428571	0.2240143369175627	0.7	0.3809523809523809	0.8333333333333334	-0.172360248447205	0.3670765222356238	0.13292347776437619	-0.26584695552875237	0.26584695552875237	small	40036128.5	1.8057885680324588e-106	0.19686270139782297	2.1664495968420106e-77	0.012855125436118957	1.96830953915538e-104	True	True	True	True
molecular_train	SPS	48152	2383	45769	0	26.27492957600576	32.586300761258904	21.02777777777778	32.07692307692308	12.19375	38.7811004784689	18.02173913043478	46.62857142857143	-11.049145299145302	0.38020947334764454	0.11979052665235546	-0.2395810533047109	0.2395810533047109	small	41468507.0	8.152340047222122e-87	0.20108584656916262	9.29815902988515e-81	0.00014537298554577173	5.924033767648076e-85	True	True	True	True
molecular_train	NumAtomStereoCenters	48152	2383	45769	0	4.425094418799832	6.323297428390395	2.0	5.0	0.0	7.0	1.0	9.0	-3.0	0.38559270716755134	0.11440729283244866	-0.22881458566489732	0.22881458566489732	small	42055643.0	4.611000775068861e-80	0.2010832610149857	9.34289031126399e-81	0.17648280445256687	2.512995422412529e-78	True	True	True	True
molecular_train	SMR_VSA5	48152	2383	45769	0	54.37750890895573	71.03644897044109	37.76696814999996	57.8426600543302	12.84164324585202	78.21068819092808	31.78725287945234	94.83857906399382	-20.07569190433024	0.3856138041893991	0.11438619581060089	-0.22877239162120178	0.22877239162120178	small	42057944.0	2.4676227169748134e-79	0.2105708420435718	1.3641070126415257e-88	0.045937863432463866	1.0758835046010185e-77	True	True	True	True
molecular_train	BCUT2D_MRLOW	48029	2374	45655	123	-0.01299448877585157	-0.1168484007293871	-0.13085949602639124	-0.1540169495896257	-0.2030611539409492	0.15228371774430088	-0.27806822607716997	-0.0181688635883022	0.023157453563234454	0.6070620216068704	0.1070620216068704	0.2141240432137408	0.2141240432137408	small	65796399.0	1.7952905030743514e-69	0.17350197172172488	6.934746589051033e-60	2.0820754127714506e-05	6.52288882783681e-68	True	True	True	True
molecular_train	BCUT2D_CHGLO	48029	2374	45655	123	-2.3122227381370712	-2.390177143240826	-2.306963883465999	-2.402784259605908	-2.525603227748395	-2.117273575349176	-2.585022404174392	-2.228698927863361	0.09582037613990879	0.5956522892426874	0.09565228924268743	0.19130457848537485	0.19130457848537485	small	64559755.5	8.000805341528859e-56	0.1783627471595	2.7520930106655975e-63	0.0	1.9379728493925457e-54	True	False	False	False
molecular_train	VSA_EState6	48152	2383	45769	0	5.626287197402716	3.8641595401555495	5.088003847414749	0.5973899281934996	0.0	8.973128248206486	0.0	7.073204718818549	4.490613919221249	0.5942220776675354	0.09422207766753543	0.18844415533507086	0.18844415533507086	small	64810332.5	5.009603287440575e-60	0.17294217187119315	1.040689158003506e-59	0.45850639641136404	1.3651168958275568e-58	True	False	False	False
molecular_train	NumAromaticRings	48152	2383	45769	0	1.458665547629039	1.0787869518669841	1.0	1.0	0.0	2.0	0.0	2.0	0.0	0.5933989729133584	0.09339897291335841	0.18679794582671683	0.18679794582671683	small	64720558.5	6.290752393127506e-61	0.1681100828480323	2.0115560153494634e-56	0.4824929390264163	1.9591200310025662e-59	True	False	False	False
molecular_train	SMR_VSA7	48152	2383	45769	0	41.03349322274558	34.08202079452357	40.55516291828041	29.82891976554344	23.2982492738063	55.53795240244072	11.835184978490055	47.52510539416365	10.72624315273697	0.5914700486424342	0.09147004864243424	0.18294009728486849	0.18294009728486849	small	64510175.5	1.5710914936805446e-51	0.16441241030430626	5.672328803984824e-54	0.11382704768233926	2.4464138973025623e-50	True	False	False	False
molecular_train	fr_Al_OH	48152	2383	45769	0	1.4406210658833403	2.2314230155782298	0.0	1.0	0.0	2.0	0.0	3.0	-1.0	0.4104755029423194	0.08952449705768062	-0.17904899411536124	0.17904899411536124	small	44769548.0	8.220912971635577e-53	0.1505454964611052	2.794059255241434e-45	0.3839715899651105	1.6292354798332324e-51	True	False	False	False
molecular_train	BCUT2D_CHGHI	48029	2374	45655	123	2.3921923340179414	2.4712780366417326	2.370722557499164	2.4950667419185515	2.187816843593069	2.6334841792917096	2.316402880521782	2.677067373395677	-0.12434418441938755	0.41192196667120917	0.08807803332879083	-0.17615606665758166	0.17615606665758166	small	44646150.0	1.3233018987567657e-47	0.20044013482681222	5.885436733248462e-80	0.0	1.8029988370560933e-46	True	False	False	False
molecular_train	NumSaturatedRings	48152	2383	45769	0	1.4800671422576583	1.9959361139635998	0.0	1.0	0.0	2.0	0.0	3.0	-1.0	0.41331759543791624	0.08668240456208376	-0.17336480912416752	0.17336480912416752	small	45079528.0	3.75854340161433e-49	0.17558639612320176	1.508495543876098e-61	0.3664645289915268	5.462416410346159e-48	True	False	False	False
molecular_train	SlogP_VSA6	48152	2383	45769	0	34.104595410888535	28.408170946953323	30.462311845459517	24.26546827384644	18.19910120538483	47.07045500926039	11.64912463690315	39.54352346343322	6.196843571613076	0.5858513276825283	0.08585132768252834	0.1717026553650567	0.1717026553650567	small	63897355.5	1.3232458649183017e-45	0.15569118936748244	2.0508594365627366e-48	0.11204103671706263	1.5182505186957355e-44	True	False	False	False
molecular_train	BCUT2D_MWLOW	48029	2374	45655	123	9.838748179655772	9.754317125960343	9.874828225328898	9.794449272478086	9.584446469825139	10.055202854765412	9.470009520511983	9.982651837459636	0.0803789528508112	0.5858100758804473	0.08581007588044731	0.17162015176089462	0.17162015176089462	small	63493007.5	2.8304733319980935e-45	0.13219589395097864	7.448839375955445e-35	0.0	2.938300887502783e-44	True	False	False	False
molecular_train	NumAromaticCarbocycles	48152	2383	45769	0	1.1611414183801931	0.8757674408442395	1.0	0.0	0.0	2.0	0.0	2.0	1.0	0.5852042331536499	0.08520423315364989	0.17040846630729978	0.17040846630729978	small	63826778.5	4.287184744730185e-53	0.16289903593394944	5.501562082586873e-53	0.5232804452566872	9.346062743511805e-52	True	False	False	False
molecular_train	fr_benzene	48152	2383	45769	0	1.1569450272765422	0.8757892896938976	1.0	0.0	0.0	2.0	0.0	2.0	1.0	0.5840392117811565	0.08403921178115648	0.16807842356231295	0.16807842356231295	small	63699712.5	1.0078846429090451e-51	0.16128151507460148	6.092377133926963e-52	0.5238411696295066	1.8309904346180987e-50	True	False	False	False
molecular_train	SlogP_VSA4	48152	2383	45769	0	11.006697349284844	15.714532301154211	0.0	11.332896515558172	0.0	17.75371813848418	0.0	28.080783500513128	-11.332896515558172	0.4177596187726893	0.0822403812273107	-0.1644807624546214	0.1644807624546214	small	45564008.5	2.688412224204596e-44	0.15054733935610365	2.7869702131012472e-45	0.3830993520518359	2.663972113075463e-43	True	False	False	False
molecular_train	BCUT2D_LOGPLOW	48029	2374	45655	123	-2.347483251112438	-2.4322579708977203	-2.351714498612421	-2.5137568901174983	-2.607227375471572	-2.1059427501837056	-2.631278884336284	-2.252328938186152	0.16204239150507727	0.5821339896112903	0.08213398961129026	0.16426797922258052	0.16426797922258052	small	63094575.0	1.2617663203405576e-41	0.16887255677609175	9.789831630232787e-57	0.0	1.1959350340619197e-40	True	False	False	False
molecular_train	fr_Al_OH_noTert	48152	2383	45769	0	1.2186319765002098	1.9889226332233607	0.0	1.0	0.0	1.0	0.0	2.0	-1.0	0.4186090145786473	0.0813909854213527	-0.1627819708427054	0.1627819708427054	small	45656650.0	1.817867669204324e-45	0.12961178628355624	1.236166092289563e-33	0.4483510549925237	1.9814757594327132e-44	True	False	False	False
molecular_train	SlogP_VSA5	48152	2383	45769	0	43.63101289353894	52.52854757985635	34.3374876250839	45.2426734050825	12.84164324585202	66.21987853631856	23.3348357588906	75.3351192126541	-10.905185779998597	0.42238583992098766	0.07761416007901234	-0.15522832015802468	0.15522832015802468	small	46068579.0	1.7037826417393317e-37	0.1302129276296876	6.057737479742087e-34	0.05358032895829872	1.5476025662465596e-36	True	False	False	False
molecular_train	VSA_EState8	48152	2383	45769	0	4.852313017585266	6.390792747960275	3.61061292189976	5.562579358138521	0.10659627424237715	8.014404227124805	1.3391675597433037	10.15956821617536	-1.9519664362387612	0.4242403240700598	0.0757596759299402	-0.1515193518598804	0.1515193518598804	small	46270843.0	7.95139600048038e-36	0.13138915307028098	1.4859251509275954e-34	0.09231184582156504	6.933617312418892e-35	True	False	False	False
molecular_train	Phi	48152	2383	45769	0	6.011670776834328	6.919120148909249	4.75560934905527	5.484445061031255	3.137416335993079	6.975542879009518	3.648947381727855	8.301836914263534	-0.728835711975985	0.426842844800176	0.07315715519982402	-0.14631431039964804	0.14631431039964804	negligible	46554693.5	1.6970086073389423e-33	0.11184212510842018	3.9185274923380887e-25	2.0767569363681676e-05	1.3212424157138907e-32	True	False	False	False
molecular_train	Chi2n	48152	2383	45769	0	8.524363947034251	9.661560570238182	7.170935607603507	8.303167492423475	4.809877535414331	11.397989495454134	5.847928034417777	12.605515725652152	-1.1322318848199675	0.427428573676196	0.07257142632380398	-0.14514285264760796	0.14514285264760796	negligible	46618577.5	5.456560415444867e-33	0.11525321372694186	1.1467090232380752e-26	0.0003530486791825885	3.8371940986031646e-32	True	False	False	False
molecular_train	Chi3n	48152	2383	45769	0	6.557382904222976	7.510133762719191	5.237715077137575	6.23362651431207	3.288584395828689	9.112083122523892	4.131935124429837	9.938469055506165	-0.9959114371744953	0.427515767364928	0.07248423263507198	-0.14496846527014395	0.14496846527014395	negligible	46628087.5	6.487592716128846e-33	0.12212139915852316	6.760649459817155e-30	0.0010383784681840837	4.419672537862776e-32	True	False	False	False
molecular_train	Chi3v	48152	2383	45769	0	6.641775577742701	7.572118003894742	5.285033282520878	6.289900805707944	3.3481018649625938	9.137460014365715	4.205657262118144	9.990848718003798	-1.004867523187066	0.4281058146665414	0.0718941853334586	-0.1437883706669172	0.1437883706669172	negligible	46692442.5	2.0815490105804684e-32	0.12224586333565629	5.884627856465112e-30	0.0010383784681840837	1.3750838918380063e-31	True	False	False	False
molecular_train	Chi2v	48152	2383	45769	0	8.63233748446883	9.741042932278939	7.232273958679091	8.366097655966488	4.848302717865183	11.538315071183586	5.919763273683216	12.650106635444056	-1.1338236972873972	0.42822469973120414	0.07177530026879586	-0.14355060053759172	0.14355060053759172	negligible	46705409.0	2.6296899985513696e-32	0.11490531916067004	1.651978816733849e-26	0.0003530486791825885	1.6860953520123486e-31	True	False	False	False
molecular_train	SMR_VSA4	48152	2383	45769	0	11.406751797380178	15.371671472707531	0.0	5.917906046161393	0.0	17.75371813848418	0.0	28.080783500513128	-5.917906046161393	0.42900342830730914	0.07099657169269086	-0.14199314338538171	0.14199314338538171	negligible	46790343.0	8.317818188358568e-34	0.14639903772641694	7.829293638389611e-43	0.405466024256521	6.71586801874877e-33	True	False	False	False
molecular_train	BCUT2D_MRHI	48029	2374	45655	123	5.9564815839561485	5.852639869954916	5.899662346943612	5.873451361982686	5.771597148165579	6.038230806260597	5.672506092596665	5.9672859083559375	0.026210984960925998	0.5709852666841169	0.07098526668411687	0.14197053336823373	0.14197053336823373	negligible	61886221.0	1.590549325058883e-31	0.11054729267351371	1.7711440301964824e-24	2.0820754127714506e-05	9.906850081795328e-31	True	False	False	False
molecular_train	HallKierAlpha	48152	2383	45769	0	-2.384879857867688	-2.130952445269341	-2.23	-1.84	-3.13	-1.3700000000000003	-2.93	-0.9700000000000002	-0.3899999999999999	0.429492643580339	0.070507356419661	-0.141014712839322	0.141014712839322	negligible	46843700.5	3.1044594365179025e-31	0.13067715379665656	3.4841806081369468e-34	0.003987373317826882	1.8799226587802855e-30	True	False	False	False
molecular_train	BCUT2D_LOGPHI	48029	2374	45655	123	2.4320580110773986	2.485632367383478	2.425078362248249	2.493809683769863	2.295590125040606	2.618479794132065	2.352742631169363	2.6739551749526793	-0.06873132152161432	0.4298620925023091	0.07013790749769089	-0.14027581499538178	0.14027581499538178	negligible	46590590.0	8.125572088834019e-31	0.12198965410056395	9.941857045232818e-30	0.0	4.66151240885741e-30	True	False	False	False
molecular_train	Chi4n	48152	2383	45769	0	4.968251283348399	5.727344532052263	3.78062655033592	4.605881045130505	2.2102683091002504	7.113004388577158	2.840882481177707	7.915488060947055	-0.8252544947945846	0.4306083056233594	0.06939169437664061	-0.13878338875328122	0.13878338875328122	negligible	46965383.0	2.632353300591055e-30	0.11433057430558591	3.0121721847526776e-26	0.0027620867253696627	1.434632548822125e-29	True	False	False	False
molecular_train	NumAliphaticRings	48152	2383	45769	0	2.345782626940831	2.7720072538180864	2.0	2.0	0.0	4.0	1.0	4.0	0.0	0.431296017191258	0.06870398280874201	-0.13740796561748403	0.13740796561748403	negligible	47040390.0	2.1722634768845397e-30	0.1318881100146334	8.154887601777178e-35	0.18319072935703606	1.2142395845149479e-29	True	False	False	False
molecular_train	Chi4v	48152	2383	45769	0	5.040501632702146	5.776422786653606	3.829639887369759	4.641913342125022	2.246543080267454	7.145894329145855	2.898616752658035	7.963667493339451	-0.8122734547552635	0.43165027478802187	0.06834972521197813	-0.13669945042395626	0.13669945042395626	negligible	47079028.0	1.8788922318491806e-29	0.11372418850204608	5.658260500245438e-26	0.0027620867253696627	9.309056966889122e-29	True	False	False	False
molecular_train	NumAliphaticCarbocycles	48152	2383	45769	0	1.1674360050356694	1.5245034848915204	0.0	1.0	0.0	2.0	0.0	3.0	-1.0	0.43462548664920214	0.06537451335079786	-0.13074902670159572	0.13074902670159572	negligible	47403527.0	5.664449998848922e-30	0.12220623650887397	6.1505547615276845e-30	0.45480976906462867	2.9401192851168217e-29	True	False	False	False
molecular_train	Kappa1	48152	2383	45769	0	21.034438899089704	23.4039948508626	18.052915404577853	20.40069558648652	13.10974753475477	25.176521864396385	14.654790015179625	27.8535345405768	-2.347780181908668	0.43515162400262364	0.06484837599737636	-0.12969675199475272	0.12969675199475272	negligible	47460911.5	1.1193313839741971e-26	0.10633923147446078	9.315002989946639e-23	2.0767569363681676e-05	5.304657428399456e-26	True	False	False	False
molecular_train	SlogP_VSA1	48152	2383	45769	0	5.729032328922344	4.338773855118427	4.736862953800049	0.0	0.0	9.473725907600098	0.0	5.733667477162185	4.736862953800049	0.5636078326044744	0.06360783260447445	0.1272156652089489	0.1272156652089489	negligible	61471312.5	5.322794660128566e-33	0.12489620306509747	2.961944971466417e-31	0.6138270476823393	3.8371940986031646e-32	True	False	False	False
molecular_train	NumSaturatedCarbocycles	48152	2383	45769	0	0.8170373478808225	1.123052721274225	0.0	0.0	0.0	1.0	0.0	2.0	0.0	0.43881122838697906	0.06118877161302094	-0.12237754322604188	0.12237754322604188	negligible	47860055.5	1.589709100406239e-29	0.1294904944530374	1.4269272037698808e-33	0.5814919421830869	8.059455439268839e-29	True	False	False	False
molecular_train	MaxAbsPartialCharge	48135	2381	45754	17	0.47122070273199046	0.4564679484857529	0.492844957100634	0.4721892897077177	0.457979662083263	0.5065900756532241	0.42644282130086697	0.5042545866625946	0.0206556673929163	0.5600077938118643	0.060007793811864274	0.12001558762372855	0.12001558762372855	negligible	61007402.5	4.640817431102265e-23	0.13155426798357417	1.3063463142540902e-34	6.232471174820816e-05	1.983721960745674e-22	True	False	False	False
molecular_train	Chi1n	48152	2383	45769	0	10.193002003833074	11.204198025938702	8.907978418532297	9.709971110733951	6.365796598918792	12.868450444314462	7.11535507165041	13.76125287556311	-0.8019926922016545	0.44010748038689834	0.05989251961310166	-0.11978503922620332	0.11978503922620332	negligible	48001434.5	5.389383828082506e-23	0.09501062584833336	3.020336836728983e-18	0.00014537298554577173	2.2593955279268966e-22	True	False	False	False
molecular_train	Kappa2	48152	2383	45769	0	8.223222482759638	9.157130743221156	6.797425182082914	7.570436997609929	4.746545498803195	9.666900015653244	5.2668164236561	11.051381864565808	-0.7730118155270151	0.44086217339465306	0.059137826605346944	-0.11827565321069389	0.11827565321069389	negligible	48083747.0	1.8498294255898982e-22	0.09071569945837316	1.1390272005891634e-16	2.0767569363681676e-05	7.608732354313166e-22	True	False	False	False
molecular_train	Chi1v	48152	2383	45769	0	10.295653592624966	11.275028217938416	8.989343809388266	9.76965220823186	6.3985600587955975	12.942733689428623	7.203340243087159	13.776804427503851	-0.7803083988435944	0.4409210451796528	0.059078954820347196	-0.11815790964069439	0.11815790964069439	negligible	48090168.0	2.0353211493414513e-22	0.09348371857739107	1.1192507687308663e-17	0.00014537298554577173	8.216666862156229e-22	True	False	False	False
molecular_train	MinPartialCharge	48135	2381	45754	17	-0.46934992246743584	-0.4547349449602071	-0.4928404823821084	-0.4721892897006277	-0.5065752739990352	-0.457979662083263	-0.5042545866625543	-0.42550314573047204	-0.020651192681480746	0.44154661296335646	0.058453387036643545	-0.11690677407328709	0.11690677407328709	negligible	48102209.0	5.8033403500504e-22	0.13015370238558427	6.957179365695044e-34	6.232471174820816e-05	2.300233084201795e-21	True	False	False	False
molecular_train	Chi0n	48152	2383	45769	0	17.28041841535679	18.903428870300356	15.1533180105416	16.60629669876097	11.11802089834672	21.494325079455482	12.223772954751825	22.679865856659628	-1.4529786882193712	0.4416639014837111	0.0583360985162889	-0.1166721970325778	0.1166721970325778	negligible	48171189.5	6.7423817862133915e-22	0.0908216888423628	1.0435504661070748e-16	2.0767569363681676e-05	2.6247129096330703e-21	True	False	False	False
molecular_train	SMR_VSA10	48152	2383	45769	0	13.846003659730219	11.46894263013889	11.742799515108777	10.969244356107035	5.969305287951849	17.836355920261312	5.783244946364939	16.938549644058888	0.7735551590017415	0.5575694541969398	0.05756945419693982	0.11513890839387964	0.11513890839387964	negligible	60812721.5	1.2188600296881042e-21	0.1113818414531394	6.25902207734867e-25	0.21311679681010134	4.661605025824679e-21	True	False	False	False
molecular_train	fr_NH0	48152	2383	45769	0	0.5086026017624843	0.24590880290152722	0.0	0.0	0.0	1.0	0.0	0.0	0.0	0.557469241051005	0.05746924105100504	0.11493848210201008	0.11493848210201008	negligible	60801791.5	1.1350313188038885e-51	0.11126731607291329	7.030393669362129e-25	0.846423824555574	1.9033602115326745e-50	True	False	False	False
molecular_train	Chi0v	48152	2383	45769	0	17.404699185932344	18.979764141245624	15.223192613869257	16.68326680625785	11.216112915075708	21.527163804902393	12.35064252907782	22.698222406680568	-1.4600741923885945	0.44302273856452257	0.05697726143547743	-0.11395452287095487	0.11395452287095487	negligible	48319394.5	5.802948936670808e-21	0.08741082943963696	1.6582341656196062e-15	2.0767569363681676e-05	2.0738407675315345e-20	True	False	False	False
molecular_train	EState_VSA1	48152	2383	45769	0	27.554180525531127	36.69691588935636	11.384295757348628	16.630892013867914	0.0	35.301111937782885	0.0	54.054527961722776	-5.246596256519286	0.4432683799642766	0.05673162003572341	-0.11346324007144681	0.11346324007144681	negligible	48346186.0	3.099537386209273e-21	0.10686920590030424	5.566928719735288e-23	0.2812967270310683	1.1649985348165888e-20	True	False	False	False
molecular_train	NumValenceElectrons	48152	2383	45769	0	159.72052035249686	175.27350390001968	138.0	154.0	104.0	192.0	112.0	210.0	-16.0	0.4437097487320859	0.05629025126791409	-0.11258050253582819	0.11258050253582819	negligible	48394325.0	1.684466920618571e-20	0.09257645495161904	2.412937759620412e-17	2.0767569363681676e-05	5.828790296743627e-20	True	False	False	False
molecular_train	Kappa3	48152	2383	45769	0	8.22356641881107	4.8937661062378295	3.1515466702862027	3.547483856050708	2.104425441425588	4.7440751626254585	2.312662560421165	5.668360075802356	-0.3959371857645051	0.44383798121690243	0.05616201878309757	-0.11232403756619513	0.11232403756619513	negligible	48408311.0	2.0613846596753702e-20	0.08977038601049425	2.475491895098217e-16	4.153513872736335e-05	7.02159149701923e-20	True	False	False	False
molecular_train	NumSaturatedHeterocycles	48152	2383	45769	0	0.663029794376836	0.8728833926893749	0.0	0.0	0.0	1.0	0.0	1.0	0.0	0.4447363237639009	0.055263676236099124	-0.11052735247219825	0.11052735247219825	negligible	48506291.0	5.519561000082392e-24	0.10501256712275142	3.341266905493275e-22	0.5573392590131251	2.4556414245264518e-23	True	False	False	False
molecular_train	qed	48152	2383	45769	0	0.46715461233569094	0.42485515245262573	0.4796643705283276	0.4275820938615113	0.27591722479213715	0.6506036256875798	0.2340852797608432	0.6052859274012139	0.05208227666681631	0.5526344564500854	0.052634456450085354	0.10526891290017071	0.10526891290017071	negligible	60274473.5	4.044093621447006e-18	0.08140024115518818	1.6739741296614835e-13	0.0	1.259446299250639e-17	True	False	False	False
molecular_train	SMR_VSA3	48152	2383	45769	0	2.065932599497999	1.0045319581071834	0.0	0.0	0.0	0.0	0.0	0.0	0.0	0.552623935445057	0.052623935445056946	0.10524787089011389	0.10524787089011389	negligible	60273326.0	2.642049703683947e-46	0.09849531107457865	1.4028301551248934e-19	0.8577421498587805	3.199815752239447e-45	True	False	False	False
molecular_train	EState_VSA10	48152	2383	45769	0	17.990778718491093	21.826739663568603	14.69560176298435	15.007591973753234	5.106527394840706	24.90865655266576	9.589074368143644	30.015183947506465	-0.3119902107688848	0.4473911698758879	0.052608830124112105	-0.10521766024822421	0.10521766024822421	negligible	48795848.5	3.802748643816239e-18	0.09379531453023593	8.582059820432977e-18	0.07787838511380628	1.2014481222491885e-17	True	False	False	False
molecular_train	MinEStateIndex	48152	2383	45769	0	-0.8232799406196217	-0.9631791854015674	-0.6815740740740746	-0.8771305744520033	-1.3105039421290958	-0.24445090452643656	-1.629198711892164	-0.3252532123960698	0.1955565003779287	0.5521726462176042	0.0521726462176042	0.1043452924352084	0.1043452924352084	negligible	60224105.0	7.874454907521115e-18	0.11031893113337024	1.8320270124081036e-24	0.0011837514537298554	2.3515495477254834e-17	True	False	False	False
molecular_train	fr_ether	48152	2383	45769	0	1.9911875786823332	2.4221853219428	1.0	2.0	0.0	3.0	0.0	4.0	-1.0	0.44844106073845424	0.051558939261545755	-0.10311787852309151	0.10311787852309151	negligible	48910357.5	5.07682108842365e-18	0.07772289546823591	2.3942074138631943e-12	0.2702276125602259	1.5587985877131772e-17	True	False	False	False
molecular_train	NumUnspecifiedAtomStereoCenters	48152	2383	45769	0	0.4087284934955938	0.9259105508094999	0.0	0.0	0.0	0.0	0.0	0.0	0.0	0.4487886344026119	0.05121136559738809	-0.10242273119477618	0.10242273119477618	negligible	48948266.5	6.587884608059901e-31	0.09435467442110435	5.315904673152614e-18	0.7751910616381459	3.881510390694752e-30	True	False	False	False
molecular_train	SMR_VSA9	48152	2383	45769	0	11.4576688631114	10.032405236697365	5.749511833283905	0.0	0.0	22.822722577139245	0.0	17.248535499851716	5.749511833283905	0.5509280365364845	0.05092803653648448	0.10185607307296896	0.10185607307296896	negligible	60088358.5	4.498892563608507e-21	0.11816408929854988	5.174089035961903e-28	0.5893420834025586	1.6623026760451772e-20	True	False	False	False
molecular_train	Chi0	48152	2383	45769	0	21.433277454922937	23.28315388859231	18.681433796945207	20.58505747976789	14.12095586463014	25.512819910888712	15.242276208189782	27.9050484360768	-1.9036236828226833	0.44946731486815505	0.050532685131844945	-0.10106537026368989	0.10106537026368989	negligible	49022288.5	8.01363278663255e-17	0.08788471934455794	1.1364039277296906e-15	0.00014537298554577173	2.3292959299811946e-16	True	False	False	False
molecular_train	SlogP_VSA11	48152	2383	45769	0	9.756242752825113	8.570223633630409	5.749511833283905	0.0	0.0	17.248535499851716	0.0	11.49902366656781	5.749511833283905	0.5502643192780927	0.05026431927809272	0.10052863855618543	0.10052863855618543	negligible	60015968.5	4.879194115465963e-21	0.11583724640607285	6.19716662895047e-27	0.606537630835687	1.772773861952633e-20	True	False	False	False
molecular_train	SlogP_VSA2	48152	2383	45769	0	48.299754909147595	57.9191409620246	33.90519119750377	39.14540409453905	20.920632995505805	58.143599804833805	22.286326465381563	74.39677938169662	-5.240212897035285	0.45058112484754514	0.049418875152454855	-0.09883775030490971	0.09883775030490971	negligible	49143769.0	3.714223616913359e-16	0.09408640942230218	6.691058573750914e-18	0.027953148363515534	1.0515594136196263e-15	True	False	False	False
molecular_train	ExactMolWt	48152	2383	45769	0	413.3174596341233	447.89737732108546	359.318814932	396.14203234799993	272.104858992	487.26957858799994	291.18344366	536.2257619719999	-36.82321741599992	0.4514739157879687	0.048526084212031306	-0.09705216842406261	0.09705216842406261	negligible	49241143.5	1.2419317704582102e-15	0.08592565778079853	5.348039513065062e-15	0.0	3.4271028602517696e-15	True	False	False	False
molecular_train	MolWt	48152	2383	45769	0	413.6385291649183	448.2307482791341	360.1979999999999	396.4360000000001	272.29999999999995	487.61300000000034	291.391	536.5770000000003	-36.23800000000017	0.4515496578555412	0.04845034214445881	-0.09690068428891763	0.09690068428891763	negligible	49249404.5	1.374420163892327e-15	0.08586462219868618	5.60927511912374e-15	0.0	3.745294946606591e-15	True	False	False	False
molecular_train	EState_VSA6	48152	2383	45769	0	13.334809780187893	11.075757952582425	7.109797541277533	6.076020106833881	0.0	20.28596215101668	0.0	18.19910120538483	1.0337774344436523	0.5481748522637723	0.04817485226377227	0.09634970452754454	0.09634970452754454	negligible	59788075.5	2.04687367525867e-16	0.09293090508965152	1.788948231886746e-17	0.40382538627679015	5.871295542189343e-16	True	False	False	False
molecular_train	LabuteASA	48152	2383	45769	0	173.95609957178146	187.77742540161714	152.40639473986937	166.14412183464526	116.16365879360572	207.36095987145663	124.5647775464814	224.30862971362708	-13.737727094775892	0.4519626909666706	0.04803730903332942	-0.09607461806665885	0.09607461806665885	negligible	49294453.0	2.382032516289176e-15	0.08235994018641313	8.191870338170314e-14	0.0	6.410902327790622e-15	True	False	False	False
molecular_train	SlogP_VSA8	48152	2383	45769	0	5.663891423599739	3.9385437377230508	0.0	0.0	0.0	10.902924932081056	0.0	0.0	0.0	0.5476025050059126	0.047602505005912565	0.09520501001182513	0.09520501001182513	negligible	59725651.0	9.79174757575478e-25	0.09162637381518701	5.350547457858181e-17	0.7462410699451736	4.4470853573219624e-24	True	False	False	False
molecular_train	SMR_VSA1	48152	2383	45769	0	28.808900737601537	34.52884288708153	23.79966322954379	24.85098232239399	14.325937321943693	34.69437267103474	14.637927532712576	44.537763019675495	-1.0513190928501999	0.4528306624207221	0.04716933757927788	-0.09433867515855576	0.09433867515855576	negligible	49389120.5	7.412131478531377e-15	0.09795134531655791	2.281831672812569e-19	0.0367170626349892	1.9705422711217564e-14	True	False	False	False
molecular_train	fr_allylic_oxid	48152	2383	45769	0	0.8170373478808225	1.0168673119360265	0.0	0.0	0.0	1.0	0.0	2.0	0.0	0.4530666079923128	0.0469333920076872	-0.0938667840153744	0.0938667840153744	negligible	49414854.5	5.379743806352777e-18	0.10473488593905689	4.3564281516309645e-22	0.5764869579664396	1.6288668747012576e-17	True	False	False	False
molecular_train	VSA_EState4	48152	2383	45769	0	1.105581624654689	0.526488437499914	0.84338246409675	0.5541569206707464	-0.16266862414223715	2.4609739708174363	-0.588226770390283	2.006365740740741	0.2892255434260036	0.546678691999682	0.046678691999682	0.093357383999364	0.093357383999364	negligible	59624893.0	1.3824334333397616e-14	0.0722886107062829	9.736795798706568e-11	0.08448247217145705	3.5877439103341436e-14	True	False	False	False
molecular_train	PEOE_VSA3	48152	2383	45769	0	3.3126644546314226	2.400335371371346	0.0	0.0	0.0	4.794537184071822	0.0	4.794537184071822	0.0	0.54666617681723	0.046666176817229954	0.09333235363445991	0.09333235363445991	negligible	59623528.0	8.948740250189753e-21	0.08490626178770877	1.1808126635761227e-14	0.6806155507559395	3.1464925395828487e-20	True	False	False	False
molecular_train	PEOE_VSA6	48152	2383	45769	0	25.547973024374976	28.71732265420273	19.26246486877803	23.801164850570917	6.076020106833881	35.45028948747406	12.13273413692322	39.78689715815828	-4.538699981792888	0.4549857355801237	0.045014264419876326	-0.09002852883975265	0.09002852883975265	negligible	49624169.0	1.0634065225662902e-13	0.08380604430501115	2.7466788226073837e-14	0.14151021764412694	2.7273249637582504e-13	True	False	False	False
molecular_train	NumRotatableBonds	48152	2383	45769	0	4.681074276122534	5.3463698136293125	3.0	4.0	2.0	6.0	2.0	7.0	-1.0	0.4552460101162833	0.044753989883716705	-0.08950797976743341	0.08950797976743341	negligible	49652556.5	1.2717712819692945e-13	0.09503411588308963	2.959588365367047e-18	0.09933128426648945	3.1867372352793817e-13	True	False	False	False
molecular_train	HeavyAtomCount	48152	2383	45769	0	29.63449433487201	31.936682033690925	26.0	28.0	20.0	35.0	21.0	38.0	-2.0	0.4553756866606135	0.04462431333938649	-0.08924862667877298	0.08924862667877298	negligible	49666700.0	1.8496857477801674e-13	0.07874754508736592	1.1550785788094763e-12	0.0	4.582176057000869e-13	True	False	False	False
molecular_train	HeavyAtomMolWt	48152	2383	45769	0	385.2821313470416	415.1942401873776	336.2140000000001	364.31800000000015	256.172	456.2535000000003	272.171	500.2860000000004	-28.104000000000042	0.45633681141408844	0.04366318858591156	-0.08732637717182312	0.08732637717182312	negligible	49771527.5	6.085401446196383e-13	0.08119767857210153	1.9444195665627712e-13	0.0	1.4740194614120126e-12	True	False	False	False
molecular_train	MolMR	48152	2383	45769	0	109.8061529164918	116.91271922480276	97.19900000000004	103.25500000000008	74.16500000000002	133.80575000000005	79.20680000000002	138.84699999999992	-6.05600000000004	0.45758661512514165	0.04241338487485835	-0.0848267697497167	0.0848267697497167	negligible	49907840.5	2.7012052119545907e-12	0.07078385484984917	2.590176601088287e-10	8.30702774547267e-05	6.264497193681923e-12	True	False	False	False
molecular_train	Chi1	48152	2383	45769	0	14.065333631158184	15.082279591340154	12.421452615420645	13.431864195791054	9.46923425058676	16.631591713302406	9.98607100299237	18.135361590784807	-1.010411580370409	0.45839425239741616	0.04160574760258384	-0.08321149520516768	0.08321149520516768	negligible	49995927.5	6.919742844617973e-12	0.07697888850088253	4.0401917401363645e-12	0.00014537298554577173	1.555158701161565e-11	True	False	False	False
molecular_train	EState_VSA7	48152	2383	45769	0	12.622454944803902	10.31674039085518	6.923737199690624	6.076020106833881	0.0	19.92349450621513	0.0	13.847474399381248	0.847717092856743	0.5399802408649094	0.03998024086490937	0.07996048172981873	0.07996048172981873	negligible	58894309.5	4.08679529038157e-12	0.08324437391892092	4.208432381802229e-14	0.45676192058481474	9.280430971908149e-12	True	False	False	False
molecular_train	PEOE_VSA9	48152	2383	45769	0	15.032973379322138	16.729393850189155	12.207932775496603	12.71084835226122	5.601050810983688	21.65996187758712	6.103966387748303	24.41586555099321	-0.5029155767646163	0.4613268209519411	0.03867317904805889	-0.07734635809611778	0.07734635809611778	negligible	50315775.5	1.680629148644832e-10	0.06504004624584547	8.970899798965643e-09	0.15295314836351553	3.5228572538901287e-10	True	False	False	False
molecular_train	Ipc	48152	2383	45769	0	1.350923893132427e+85	1.659792738895624e+150	892258.4425704833	2321364.3406352648	34388.02515901117	67043814.175066516	56965.44192920082	286702117.2778275	-1429105.8980647814	0.46136142795279483	0.038638572047205166	-0.07727714409441033	0.07727714409441033	negligible	50319550.0	1.8887870194776247e-10	0.0744421847943798	2.3156957849378733e-11	0.00014537298554577173	3.9214816213916393e-10	True	False	False	False
molecular_train	PEOE_VSA10	48152	2383	45769	0	16.14390469440024	20.146972448878333	11.49902366656781	11.86313125940448	0.0	23.352501887600017	0.0	28.91595337929701	-0.36410759283666927	0.4626891925403241	0.03731080745967591	-0.07462161491935182	0.07462161491935182	negligible	50464366.0	5.601181695054653e-10	0.0892354146803016	3.8271341709331793e-16	0.25074763249709253	1.141175336001789e-09	True	False	False	False
molecular_train	BCUT2D_MWHI	48029	2374	45655	123	18.168353622632267	17.613293944646824	16.53069182853911	16.548027535272166	16.367941536510777	16.695785759887652	16.466015959188166	16.706340218645266	-0.017335706733057066	0.4627593567632117	0.03724064323678827	-0.07448128647357655	0.07448128647357655	negligible	50156159.0	8.885478465309613e-10	0.09074388266195949	1.269850370818863e-16	0.0	1.793550282812496e-09	True	False	False	False
molecular_train	fr_NH1	48152	2383	45769	0	0.18715904322282836	0.07974830125193909	0.0	0.0	0.0	0.0	0.0	0.0	0.0	0.5362769433655536	0.03627694336555365	0.0725538867311073	0.0725538867311073	negligible	58490400.0	2.237740626819382e-47	0.07213595298626319	1.0762977494455548e-10	0.9393171623193222	2.8695732743919134e-46	True	False	False	False
molecular_train	fr_Ar_OH	48152	2383	45769	0	0.8921527486361729	0.8011317704122878	0.0	0.0	0.0	1.0	0.0	1.0	0.0	0.5360023382578392	0.03600233825783916	0.07200467651567832	0.07200467651567832	negligible	58460449.5	1.1957323626252944e-13	0.07546528491472992	1.1532484784544913e-11	0.7100016614055491	3.031042500608304e-13	True	False	False	False
molecular_train	NumAromaticHeterocycles	48152	2383	45769	0	0.29752412924884597	0.20301951102274465	0.0	0.0	0.0	0.0	0.0	0.0	0.0	0.5355049170593187	0.035504917059318686	0.07100983411863737	0.07100983411863737	negligible	58406197.0	1.6612880977880557e-18	0.0676694081456527	1.8378064031512458e-09	0.8200905466024256	5.325894195849943e-18	True	False	False	False
molecular_train	VSA_EState1	48152	2383	45769	0	13.096317641800136	15.204960582757614	10.321498488284202	11.00896925128076	0.0	20.27979892527106	4.608796296296296	22.278061746046472	-0.6874707629965577	0.465146775538424	0.034853224461576016	-0.06970644892315203	0.06970644892315203	negligible	50732408.5	7.3146158180669626e-09	0.060931674007791536	9.417039633690394e-08	0.23465276624023923	1.4629231636133925e-08	True	False	False	False
molecular_train	VSA_EState3	48152	2383	45769	0	26.696663278056555	33.663234925871826	19.299144179476038	20.497812035379937	9.205026378674283	33.614633577529524	9.55923185470983	43.9153732693156	-1.1986678559038992	0.4669820009763309	0.03301799902366909	-0.06603599804733817	0.06603599804733817	negligible	50932572.0	4.8918198908274884e-08	0.09708786190778851	4.911819754708937e-19	0.16246469513208175	9.60735798378732e-08	True	False	False	False
molecular_train	fr_phenol	48152	2383	45769	0	0.868233319345363	0.7909502064716293	0.0	0.0	0.0	1.0	0.0	1.0	0.0	0.5322908485859406	0.03229084858594056	0.06458169717188111	0.06458169717188111	negligible	58055646.5	2.2359414662025627e-11	0.0667388470263931	3.2442088449630515e-09	0.7147158996511048	4.923588279112714e-11	True	False	False	False
molecular_train	SlogP_VSA3	48152	2383	45769	0	13.673097931815969	15.344498952022136	9.632125767808455	11.21535880699783	4.736862953800049	19.255666341445178	4.794537184071822	21.36721223019466	-1.5832330391893752	0.467738821106671	0.03226117889332902	-0.06452235778665805	0.06452235778665805	negligible	51015116.5	9.506763715026663e-08	0.06660822152866824	3.5113955904662822e-09	0.17442681508556238	1.8504236516748324e-07	True	False	False	False
molecular_train	fr_phenol_noOrthoHbond	48152	2383	45769	0	0.8615190935795216	0.7880006117677905	0.0	0.0	0.0	1.0	0.0	1.0	0.0	0.5311915021232673	0.031191502123267267	0.062383004246534535	0.062383004246534535	negligible	57935743.5	9.56144012796996e-11	0.06436042141122345	1.3376916579357156e-08	0.7162319322146536	2.0236834445606326e-10	True	False	False	False
molecular_train	fr_Ar_N	48152	2383	45769	0	0.19051615610574907	0.07697349734536477	0.0	0.0	0.0	0.0	0.0	0.0	0.0	0.5294275398762823	0.029427539876282327	0.058855079752564654	0.058855079752564654	negligible	57743352.5	1.6356747468328978e-34	0.05794969569631847	4.712389744481927e-07	0.9447167303538794	1.3714503646521989e-33	True	False	False	False
molecular_train	NumHAcceptors	48152	2383	45769	0	6.265631556861099	7.165330245362582	5.0	5.0	3.0	8.0	3.0	9.0	0.0	0.4705963214880631	0.029403678511936926	-0.05880735702387385	0.05880735702387385	negligible	51326777.0	1.1592283963032767e-06	0.0892092107305229	3.9094209340869195e-16	0.02649941850805782	2.2363875256116313e-06	True	False	False	False
molecular_train	PEOE_VSA7	48152	2383	45769	0	47.21201205681516	49.847129745199446	38.47705026606436	42.79449779438202	24.26546827384644	64.36633028993259	25.180370914939424	67.40555085943423	-4.317447528317658	0.4722877736101966	0.027712226389803418	-0.055424452779606836	0.055424452779606836	negligible	51511259.5	4.904386201635929e-06	0.04729669904407019	7.667291660065638e-05	0.024464196710417014	9.13808711074045e-06	True	False	False	False
molecular_train	EState_VSA8	48152	2383	45769	0	14.610311001902613	16.434560467368073	6.923737199690624	6.923737199690624	0.0	20.771211599071872	0.0	26.847231705905752	0.0	0.4725630984555101	0.02743690154448991	-0.05487380308897982	0.05487380308897982	negligible	51541288.5	3.678258615596138e-06	0.07255431765680365	8.174361566104797e-11	0.35500083070277455	6.912589467241018e-06	True	False	False	False
molecular_train	PEOE_VSA1	48152	2383	45769	0	24.54043434439693	29.235635900553486	19.68678069728151	20.056445138322168	10.213054789681411	29.42868398651485	10.213054789681411	37.94485605469435	-0.36966444104065843	0.47349410883772947	0.026505891162270534	-0.05301178232454107	0.05301178232454107	negligible	51642831.5	1.2353812849337754e-05	0.10259902564766143	3.274026940436656e-21	0.05119205848147533	2.1895375619151467e-05	True	False	False	False
molecular_train	PEOE_VSA8	48152	2383	45769	0	17.588760981423516	16.60065685679295	16.513127197858786	12.586597235060536	6.4208216229260096	24.092481012232575	6.06636706846161	23.762552697081823	3.9265299627982504	0.5258964888788575	0.025896488878857538	0.051792977757715075	0.051792977757715075	negligible	57358229.5	1.8915231559727482e-05	0.05342907426515686	4.638660451990735e-06	0.15274547266987873	3.32541974195209e-05	True	False	False	False
molecular_train	TPSA.1	48152	2383	45769	0	102.23774653797734	115.51425943324085	77.77000000000001	85.22000000000001	52.6	120.2	49.77	149.07	-7.450000000000003	0.47465500891021395	0.02534499108978605	-0.0506899821795721	0.0506899821795721	negligible	51769448.0	2.9322030340794254e-05	0.09236415528152575	2.8849606585693533e-17	0.027849310516697125	5.1137620914345176e-05	True	False	False	False
molecular_train	BalabanJ	48152	2383	45769	0	1.9784911157373977	1.943187929817519	1.91525625811691	1.8583665268997804	1.571516570281829	2.3384053841510033	1.5453925975236895	2.266167720676968	0.05688973121712948	0.5253120802858214	0.025312080285821437	0.05062416057164287	0.05062416057164287	negligible	57294489.5	3.005381164031606e-05	0.04831912985429665	4.918569849102379e-05	0.0009760757600930387	5.1997864584038894e-05	True	False	False	False
molecular_train	MolLogP	48152	2383	45769	0	2.992812668904744	2.736485172715159	2.8970000000000016	2.8178000000000005	1.6140499999999998	4.394600000000004	1.0452	4.458840000000004	0.07920000000000105	0.5251583865104047	0.025158386510404696	0.05031677302080939	0.05031677302080939	negligible	57277726.5	3.358032667468953e-05	0.08368114003355004	3.0208279933946107e-14	0.0	5.7641820591199347e-05	True	False	False	False
molecular_train	fr_ester	48152	2383	45769	0	0.5623164078892152	0.6612772837510105	0.0	0.0	0.0	1.0	0.0	1.0	0.0	0.4754624307196403	0.024537569280359717	-0.049075138560719433	0.049075138560719433	negligible	51857511.5	2.577399662594284e-06	0.049247123756642974	3.260410831181282e-05	0.6279697624190065	4.885853273439599e-06	True	False	False	False
molecular_train	EState_VSA2	48152	2383	45769	0	22.330379974997722	23.36413220879002	18.40509473754901	22.645495299907047	10.82998093879356	33.78123134765575	11.332896515558172	34.501605123439134	-4.240400562358037	0.47561444205111575	0.02438555794888425	-0.0487711158977685	0.0487711158977685	negligible	51874091.0	5.7537200174773914e-05	0.0549456026448642	2.1989735658065822e-06	0.1053954145206845	9.723340804729235e-05	True	False	False	False
molecular_train	MaxPartialCharge	48135	2381	45754	17	0.25048363035780935	0.2409238611391385	0.2456430976827836	0.2386326975940293	0.1780333590275928	0.3317230795714236	0.16995910032149092	0.3307329806990215	0.007010400088754309	0.5240735900847836	0.024073590084783603	0.048147180169567205	0.048147180169567205	negligible	57092720.5	7.270366090894606e-05	0.05640331875794624	1.0655804402112509e-06	8.309961566427755e-05	0.00012007119756174425	True	False	False	False
molecular_train	NumAliphaticHeterocycles	48152	2383	45769	0	1.1783466219051615	1.247503768926566	1.0	1.0	0.0	2.0	0.0	2.0	0.0	0.4764541511975421	0.023545848802457914	-0.04709169760491583	0.04709169760491583	negligible	51965676.0	4.7285209288827214e-05	0.0514972893811006	1.1645986741578433e-05	0.40426150523342747	8.053262207003385e-05	True	False	False	False
molecular_train	MinAbsPartialCharge	48135	2381	45754	17	0.24897334961898865	0.24052724747363746	0.2441818967103789	0.2386326975940293	0.1778943589991806	0.3311174908747326	0.1700180945555559	0.3307329806954882	0.005549199116349601	0.5233180797764471	0.023318079776447065	0.04663615955289413	0.04663615955289413	negligible	57010415.0	0.0001216613949809691	0.05596147114518912	1.3348465817988728e-06	8.309961566427755e-05	0.00019792674705859152	True	False	False	False
molecular_train	PEOE_VSA2	48152	2383	45769	0	4.95934314719979	4.824279200564873	4.794537184071822	4.794537184071822	0.0	9.589074368143644	0.0	4.9839785209472085	0.0	0.5223833579723505	0.02238335797235047	0.04476671594470094	0.04476671594470094	negligible	56975061.0	0.00010443923733898272	0.05512173206237636	2.0136400788599667e-06	0.3820194384449244	0.0001711861183450995	True	False	False	False
molecular_train	VSA_EState9	48152	2383	45769	0	1.0596459948022203	0.8444626791886524	0.0	0.0	0.0	1.524003250896063	0.0	1.4090455853165025	0.0	0.5219822945100792	0.02198229451007916	0.04396458902015832	0.04396458902015832	negligible	56931318.0	1.2010088108269473e-05	0.05049621231441326	1.8516257320303374e-05	0.6800963615218475	2.1460649242645452e-05	True	False	False	False
molecular_train	AvgIpc	48152	2383	45769	0	2.7842864061493313	2.809823337880774	2.767064203063919	2.837930614173083	2.4736439354673365	3.1447876778915527	2.526541582675971	3.146721272067246	-0.07086641110916414	0.4782019674838689	0.021798032516131105	-0.04359606503226221	0.04359606503226221	negligible	52156306.0	0.00032599370403840197	0.06084338008323964	9.888397354180831e-08	0.00014537298554577173	0.0005112707012976376	True	False	False	False
molecular_train	NOCount	48152	2383	45769	0	6.7301720520352495	7.454849352181608	5.0	6.0	4.0	8.0	3.0	10.0	-1.0	0.4796286570245606	0.02037134297543941	-0.04074268595087882	0.04074268595087882	negligible	52311911.5	0.0007558381921215165	0.08552012919482443	7.337215263558627e-15	0.027724705100515036	0.00117694804201779	True	False	False	False
molecular_train	SlogP_VSA10	48152	2383	45769	0	0.552267726087664	0.18714379477002768	0.0	0.0	0.0	0.0	0.0	0.0	0.0	0.5200008018885401	0.020000801888540143	0.040001603777080286	0.040001603777080286	negligible	56715201.5	3.1295101795130903e-30	0.03969108055415982	0.001546741129313537	0.971423824555574	1.663983461302082e-29	True	False	False	False
molecular_train	fr_Imine	48152	2383	45769	0	0.16953420058749474	0.07094321483973869	0.0	0.0	0.0	0.0	0.0	0.0	0.0	0.5199610329479645	0.019961032947964474	0.03992206589592895	0.03992206589592895	negligible	56710864.0	1.505798907708848e-23	0.04003065917135906	0.0013678136575702995	0.9625145372985546	6.565283237610578e-23	True	False	False	False
molecular_train	fr_C_O_noCOO	48152	2383	45769	0	1.0218212337389845	1.088072712971662	1.0	1.0	0.0	2.0	0.0	2.0	0.0	0.4808520138170915	0.019147986182908527	-0.038295972365817055	0.038295972365817055	negligible	52445340.0	0.0008444468109886655	0.05970625885741404	1.8431066826742487e-07	0.4040122944010633	0.0012964042591234444	True	False	False	False
molecular_train	MaxAbsEStateIndex	48152	2383	45769	0	11.590311354972904	11.701822090303184	12.153263613315698	12.17816263542454	10.50823537080504	13.00964253929764	10.871646510456037	13.04455546107332	-0.024899022108842317	0.48104766325177606	0.01895233674822394	-0.03790467349644788	0.03790467349644788	negligible	52466679.0	0.0017806914397845792	0.05181502831727358	1.0033041858984429e-05	0.00014537298554577173	0.002695768985229432	True	False	False	False
molecular_train	MaxEStateIndex	48152	2383	45769	0	11.590311354972904	11.701822090303184	12.153263613315698	12.17816263542454	10.50823537080504	13.00964253929764	10.871646510456037	13.04455546107332	-0.024899022108842317	0.48104766325177606	0.01895233674822394	-0.03790467349644788	0.03790467349644788	negligible	52466679.0	0.0017806914397845792	0.05181502831727358	1.0033041858984429e-05	0.00014537298554577173	0.002695768985229432	True	False	False	False
molecular_train	NumHDonors	48152	2383	45769	0	2.7188417960553926	3.2627105682885795	2.0	2.0	1.0	3.0	1.0	4.0	0.0	0.48211199012516354	0.017888009874836464	-0.03577601974967293	0.03577601974967293	negligible	52582762.5	0.002823709323644753	0.09112021949484561	8.150494841117273e-17	0.19222462203023757	0.004245300914169353	True	False	False	False
molecular_train	fr_para_hydroxylation	48152	2383	45769	0	0.09441879983214435	0.04594813083091175	0.0	0.0	0.0	0.0	0.0	0.0	0.0	0.5175000483874544	0.017500048387454448	0.035000096774908895	0.035000096774908895	negligible	56442450.5	5.881006019150985e-17	0.03466415810454748	0.008445214067975524	0.9586725369662734	1.732512584020155e-16	True	False	False	False
molecular_train	fr_NH2	48152	2383	45769	0	0.06756189676877886	0.01977320894054928	0.0	0.0	0.0	0.0	0.0	0.0	0.0	0.5164867311972702	0.016486731197270177	0.032973462394540354	0.032973462394540354	negligible	56331930.5	2.7439350815786277e-33	0.032968813898200944	0.014215881773876478	0.9826590795813258	2.0626822337384166e-32	True	False	False	False
molecular_train	VSA_EState7	48152	2383	45769	0	2.428801277095133	1.4214658247679546	1.897002787226	2.0415360465406254	0.0	5.473319633089868	-1.8590643290952555	6.536896284748466	-0.14453325931462535	0.5161032806767499	0.01610328067674993	0.03220656135349986	0.03220656135349986	negligible	56290108.5	0.00793063771156988	0.12632966364039777	5.724085495424407e-32	0.048658415019106165	0.011525860140814892	True	False	False	False
molecular_train	EState_VSA3	48152	2383	45769	0	16.400954071431347	16.93375605594299	12.462662452073968	12.84164324585202	5.693927994848461	24.023012105073217	5.783244946364939	24.825916360475023	-0.3789807937780534	0.48389697146062555	0.016103028539374453	-0.032206057078748906	0.032206057078748906	negligible	52777446.0	0.007802704626521655	0.03743412097351395	0.003409725546146899	0.1590172786177106	0.011416037641488058	True	False	False	False
molecular_train	NumHeteroatoms	48152	2383	45769	0	6.880822492656316	7.537481701588411	6.0	6.0	4.0	8.0	3.0	10.0	0.0	0.4842866383135284	0.015713361686471583	-0.031426723372943166	0.031426723372943166	negligible	52819946.0	0.009369101820713512	0.08445643954134952	1.6697708838949218e-14	0.02454726698787174	0.013526252959705599	True	False	False	False
molecular_train	NHOHCount	48152	2383	45769	0	2.7843054972723458	3.2856518604295486	2.0	2.0	1.0	3.0	1.0	4.0	0.0	0.4847692430030067	0.015230756996993278	-0.030461513993986555	0.030461513993986555	negligible	52872582.5	0.011020135597081386	0.08937541051975995	3.415615588225965e-16	0.19234922744641966	0.01570189255008982	True	False	False	False
molecular_train	SlogP_VSA12	48152	2383	45769	0	1.3295777080470084	0.7703951030078233	0.0	0.0	0.0	0.0	0.0	0.0	0.0	0.515083953448399	0.015083953448398968	0.030167906896797936	0.030167906896797936	negligible	56178933.0	8.455153993401184e-15	0.030295369216540524	0.030648397499420166	0.9645289915268317	2.220751289833082e-14	True	False	False	False
molecular_train	fr_C_O	48152	2383	45769	0	1.1359630717582878	1.202451440931635	1.0	1.0	0.0	2.0	0.0	2.0	0.0	0.4850262718434975	0.014973728156502497	-0.029947456313004994	0.029947456313004994	negligible	52900616.0	0.00965430311738781	0.04370905925097207	0.00033771125280369907	0.35585230104668547	0.013846303155200938	True	False	False	False
molecular_train	fr_Ar_NH	48152	2383	45769	0	0.06126731011330256	0.026830387380104438	0.0	0.0	0.0	0.0	0.0	0.0	0.0	0.5147945410002741	0.014794541000274108	0.029589082000548217	0.029589082000548217	negligible	56147367.5	6.370136098013065e-20	0.02957914320364119	0.037239754234751454	0.9756604087057651	2.1040752566164366e-19	True	False	False	False
molecular_train	fr_Nhpyrrole	48152	2383	45769	0	0.06126731011330256	0.026830387380104438	0.0	0.0	0.0	0.0	0.0	0.0	0.0	0.5147945410002741	0.014794541000274108	0.029589082000548217	0.029589082000548217	negligible	56147367.5	6.370136098013065e-20	0.02957914320364119	0.037239754234751454	0.9756604087057651	2.1040752566164366e-19	True	False	False	False
molecular_train	EState_VSA5	48152	2383	45769	0	16.93875255183921	18.67744884269082	12.329530064100666	12.84164324585202	5.563451491696996	24.49434274058663	5.573104530069267	25.68328649170404	-0.5121131817513547	0.4853274384776323	0.014672561522367678	-0.029345123044735355	0.029345123044735355	negligible	52933463.5	0.01498937279476926	0.037484355907327016	0.0033519441930606494	0.22206761920584814	0.021218722527660383	True	False	False	False
molecular_train	fr_aniline	48152	2383	45769	0	0.05916911456147713	0.01870261530730407	0.0	0.0	0.0	0.0	0.0	0.0	0.0	0.5146558058476929	0.014655805847692882	0.029311611695385764	0.029311611695385764	negligible	56132236.0	9.516955697362635e-26	0.029179234988980784	0.041434646381378726	0.981994517361688	4.41424753622352e-25	True	False	False	False
molecular_train	fr_halogen	48152	2383	45769	0	0.08644565673520772	0.04114138390613734	0.0	0.0	0.0	0.0	0.0	0.0	0.0	0.5139698546571061	0.013969854657106096	0.02793970931421219	0.02793970931421219	negligible	56057421.0	1.4386260954367467e-19	0.027987276176161924	0.05646696278425356	0.9779240737664063	4.680902817988221e-19	True	False	False	False
molecular_train	VSA_EState2	48152	2383	45769	0	17.978387638255885	17.419717257827795	12.704080162929367	12.700668422461575	6.468134867989493	24.98518279872479	3.557182478529486	24.74394487259017	0.0034117404677918017	0.513877948291612	0.013877948291612041	0.027755896583224082	0.027755896583224082	negligible	56047397.0	0.021430763214721062	0.07031556697897809	3.497314521474578e-10	0.2203023758099352	0.02980144961657283	True	False	False	False
molecular_train	EState_VSA9	48152	2383	45769	0	12.120861616039631	13.203269429836793	9.473725907600098	9.473725907600098	4.736862953800049	18.627739798453494	4.736862953800049	18.9474518152002	0.0	0.4862975164000923	0.013702483599907722	-0.027404967199815444	0.027404967199815444	negligible	53039267.5	0.022993768183033347	0.05344209372235964	4.609440422574548e-06	0.19160159494932713	0.03172557888545107	True	False	False	False
molecular_train	MinAbsEStateIndex	48152	2383	45769	0	0.14717671418555497	0.1378405552170851	0.0721369782480891	0.0688370999995049	0.02692979969765725	0.1802742346938772	0.0267129629629627	0.1541376133786847	0.003299878248584201	0.5134742992751637	0.013474299275163748	0.026948598550327496	0.026948598550327496	negligible	56003372.0	0.026321810222408742	0.043498969221150485	0.00036701040630524045	0.005004984216647284	0.03608902282066104	True	False	False	False
molecular_train	fr_Ndealkylation1	48152	2383	45769	0	0.07637431808644565	0.03985230177631148	0.0	0.0	0.0	0.0	0.0	0.0	0.0	0.5126787416753292	0.01267874167532923	0.02535748335065846	0.02535748335065846	negligible	55916602.5	4.590329369932809e-11	0.025189642376323484	0.11099069668199968	0.9651935537464695	9.907839630152004e-11	True	False	False	False
molecular_train	PEOE_VSA13	48152	2383	45769	0	0.39399017966398003	0.22375628839848247	0.0	0.0	0.0	0.0	0.0	0.0	0.0	0.5118235100352097	0.01182351003520965	0.0236470200704193	0.0236470200704193	negligible	55823324.5	2.64725563959823e-10	0.023777077112970613	0.15194341534739153	0.9672080079747466	5.444355938041643e-10	True	False	False	False
molecular_train	VSA_EState10	48152	2383	45769	0	0.3242214717870173	0.1853673309758762	0.0	0.0	0.0	0.0	0.0	0.0	0.0	0.5117651425249606	0.011765142524960637	0.023530285049921273	0.023530285049921273	negligible	55816958.5	4.3521535007498027e-11	0.024649619129990863	0.12542083585639285	0.9702608406712079	9.487694631634571e-11	True	False	False	False
molecular_train	fr_pyridine	48152	2383	45769	0	0.054133445237096095	0.026109375341388276	0.0	0.0	0.0	0.0	0.0	0.0	0.0	0.5117639368498746	0.011763936849874645	0.02352787369974929	0.02352787369974929	negligible	55816827.0	3.3838409209435005e-13	0.02348570716194931	0.161742216643185	0.9757434789832198	8.288509222086328e-13	True	False	False	False
molecular_train	fr_lactone	48152	2383	45769	0	0.10994544691565254	0.08623740960038453	0.0	0.0	0.0	0.0	0.0	0.0	0.0	0.5112893868034616	0.011289386803461587	0.022578773606923175	0.022578773606923175	negligible	55765069.0	6.361101115444534e-05	0.022703971274603107	0.19052459447954428	0.92170626349892	0.00010667077255130065	True	False	False	False
molecular_train	PEOE_VSA4	48152	2383	45769	0	0.3639513504504127	0.17478962955132013	0.0	0.0	0.0	0.0	0.0	0.0	0.0	0.5109217384199057	0.010921738419905735	0.02184347683981147	0.02184347683981147	negligible	55724970.5	8.213254349048267e-13	0.0222607596117953	0.20853268897675903	0.9784432630004984	1.9495848964330092e-12	True	False	False	False
molecular_train	PEOE_VSA12	48152	2383	45769	0	3.5927453664755626	3.2774203649437452	0.0	0.0	0.0	5.783244946364939	0.0	5.783244946364939	0.0	0.5096047653120438	0.009604765312043795	0.01920953062408759	0.01920953062408759	negligible	55581331.5	0.050932151761874205	0.02634989606026361	0.08459073815424412	0.6991609901977073	0.06853832767955911	False	False	False	False
molecular_train	FpDensityMorgan3	48152	2383	45769	0	2.3212772446968866	2.3085564801390204	2.3846153846153846	2.3714285714285714	2.121212121212121	2.598076923076923	2.09375	2.590909090909091	0.01318681318681314	0.5093087881235264	0.009308788123526424	0.018617576247052847	0.018617576247052847	negligible	55549050.0	0.12485328919868342	0.027100981211392094	0.07048877520032137	0.0	0.15732957829660685	False	False	False	False
molecular_train	PEOE_VSA11	48152	2383	45769	0	9.97433037484175	10.024370630099229	5.783244946364939	5.783244946364939	0.0	16.92781405846835	0.0	16.92781405846835	0.0	0.5090669746275627	0.009066974627562674	0.018133949255125348	0.018133949255125348	negligible	55522676.0	0.12249309361002257	0.040173066360989385	0.0012986779456852365	0.39647366672204687	0.15525287445921465	False	False	False	False
molecular_train	fr_methoxy	48152	2383	45769	0	0.5535039865715484	0.49994537787585486	0.0	0.0	0.0	1.0	0.0	1.0	0.0	0.5089857818083654	0.0089857818083654	0.0179715636167308	0.0179715636167308	negligible	55513820.5	0.06031478492976853	0.025018849102538154	0.11539860051562811	0.7204892839342083	0.08017453118713135	False	False	False	False
molecular_train	RingCount	48152	2383	45769	0	3.80444817456987	3.850794205685071	3.0	4.0	2.0	5.0	2.0	5.0	-1.0	0.4911510279315309	0.008848972068469074	-0.01769794413693815	0.01769794413693815	negligible	53568628.0	0.14062939330828894	0.0304516668833979	0.029354694283585503	0.06307110815750125	0.17518404423546852	False	False	False	False
molecular_train	NumAmideBonds	48152	2383	45769	0	0.06042803189257239	0.040966593108872816	0.0	0.0	0.0	0.0	0.0	0.0	0.0	0.5081590967034578	0.008159096703457824	0.01631819340691565	0.01631819340691565	negligible	55423656.0	5.642375335687287e-06	0.01637580908935432	0.5723129094294693	0.9698247217145706	1.0424049348981599e-05	True	False	False	False
molecular_train	fr_amide	48152	2383	45769	0	0.06042803189257239	0.04101029080818895	0.0	0.0	0.0	0.0	0.0	0.0	0.0	0.5081374679009637	0.008137467900963702	0.016274935801927404	0.016274935801927404	negligible	55421297.0	6.0591239121670794e-06	0.016332111390038206	0.5757545218847646	0.9697831865758432	1.1099907671028767e-05	True	False	False	False
molecular_train	SlogP_VSA7	48152	2383	45769	0	0.1397320020966715	0.05282105593166246	0.0	0.0	0.0	0.0	0.0	0.0	0.0	0.507963791092467	0.007963791092467032	0.015927582184934064	0.015927582184934064	negligible	55402354.5	2.587540418104483e-29	0.015986884895629827	0.603122585785043	0.99543113473999	1.2535195803261717e-28	True	False	False	False
molecular_train	SMR_VSA2	48152	2383	45769	0	0.1832471890720029	0.0800471239616512	0.0	0.0	0.0	0.0	0.0	0.0	0.0	0.5079268277532322	0.007926827753232168	0.015853655506464337	0.015853655506464337	negligible	55398323.0	2.906869728651882e-12	0.016080203230426138	0.5956966823948309	0.9881832530320651	6.670501061538003e-12	True	False	False	False
molecular_train	PEOE_VSA14	48152	2383	45769	0	4.745283536383648	5.094402359194148	0.0	0.0	0.0	5.969305287951849	0.0	5.969305287951849	0.0	0.4922755239513224	0.007724476048677598	-0.015448952097355195	0.015448952097355195	negligible	53691274.0	0.163315821073026	0.023452030777226684	0.1629064884731951	0.5299052998837016	0.20228891473817995	False	False	False	False
molecular_train	FpDensityMorgan1	48152	2383	45769	0	1.0383832171001788	1.040001158552042	1.0357142857142858	1.0434782608695652	0.8666666666666667	1.2	0.8461538461538461	1.2333333333333334	-0.007763975155279379	0.49269825747493107	0.007301742525068933	-0.014603485050137865	0.014603485050137865	negligible	53737380.5	0.22863148440850944	0.036516973562625954	0.004639672177242834	0.0	0.27235881749210417	False	False	False	False
molecular_train	NumSpiroAtoms	48152	2383	45769	0	0.1716323961393202	0.18700430422338263	0.0	0.0	0.0	0.0	0.0	0.0	0.0	0.49333561491680283	0.006664385083197166	-0.013328770166394333	0.013328770166394333	negligible	53806895.5	0.07428866234864571	0.013916231913830845	0.7672063645402675	0.852487954809769	0.09755980959039015	False	False	False	False
molecular_train	NumBridgeheadAtoms	48152	2383	45769	0	0.4376835921107847	0.4662763005527759	0.0	0.0	0.0	0.0	0.0	0.0	0.0	0.49388837339275143	0.006111626607248566	-0.012223253214497132	0.012223253214497132	negligible	53867183.5	0.1043457724622909	0.013425829302978531	0.8036481819785668	0.8500166140554909	0.1345998721702924	False	False	False	False
molecular_train	fr_unbrch_alkane	48152	2383	45769	0	0.5245488879563576	0.5922349188315236	0.0	0.0	0.0	0.0	0.0	0.0	0.0	0.505992562754265	0.005992562754264963	0.011985125508529926	0.011985125508529926	negligible	55187357.5	0.029780356059079888	0.012793184537868929	0.8475748839176973	0.9257144043861106	0.04032371193092805	True	False	False	False
molecular_train	fr_Al_COO	48152	2383	45769	0	0.10029374737725556	0.11660731062509559	0.0	0.0	0.0	0.0	0.0	0.0	0.0	0.49456738392904054	0.005432616070959462	-0.010865232141918924	0.010865232141918924	negligible	53941241.5	0.0802671355941728	0.01069432884455146	0.9554478361398357	0.9033892673201529	0.10415616404481945	False	False	False	False
molecular_train	fr_ketone	48152	2383	45769	0	0.3600503566932438	0.3366252266818152	0.0	0.0	0.0	1.0	0.0	1.0	0.0	0.5051815743470557	0.005181574347055684	0.010363148694111368	0.010363148694111368	negligible	55098905.0	0.2667926259634199	0.014221950773670722	0.7437063239759878	0.7365841501910616	0.314382661946084	False	False	False	False
molecular_train	fr_aryl_methyl	48152	2383	45769	0	0.12337389844733529	0.10487447835871441	0.0	0.0	0.0	0.0	0.0	0.0	0.0	0.5050882835181547	0.005088283518154713	0.010176567036309425	0.010176567036309425	negligible	55088730.0	0.07835348849337695	0.010099541360280462	0.9732146419715104	0.9176150523342748	0.10228179935063579	False	False	False	False
molecular_train	fr_piperdine	48152	2383	45769	0	0.07847251363827108	0.06478183923616422	0.0	0.0	0.0	0.0	0.0	0.0	0.0	0.5047619948327975	0.004761994832797489	0.009523989665594979	0.009523989665594979	negligible	55053142.5	0.029068748487213927	0.009452547686352064	0.9863464399307776	0.9548513042033561	0.03960616981382898	True	False	False	False
molecular_train	EState_VSA4	48152	2383	45769	0	19.85634314777728	19.077504812134507	16.355468570571833	13.847474399381248	5.573104530069267	30.15598617950791	5.573104530069267	29.96592762850305	2.5079941711905853	0.5047281625813337	0.004728162581333684	0.009456325162667367	0.009456325162667367	negligible	55049452.5	0.4343602793398713	0.02982289128092175	0.03486925925345119	0.17619205848147532	0.5036730898728295	False	False	False	False
molecular_train	fr_imidazole	48152	2383	45769	0	0.01258917331095258	0.003605060193580808	0.0	0.0	0.0	0.0	0.0	0.0	0.0	0.5045891386168497	0.004589138616849731	0.009178277233699461	0.009178277233699461	negligible	55034289.5	1.89682287811433e-12	0.009180752764294309	0.9901742927564774	0.9961372320983553	4.446315993859397e-12	True	False	False	False
molecular_train	BertzCT	48152	2383	45769	0	945.0724803920554	950.3005738469823	849.9653211686918	833.239566327906	573.8563755404297	1150.2257261875197	533.8277398722166	1212.908490458035	16.72575484078584	0.504039685432677	0.004039685432676965	0.00807937086535393	0.00807937086535393	negligible	54974362.0	0.5054115810758206	0.0435963859343762	0.00035313891177990745	0.00012460541618209006	0.5768571972488424	False	False	False	False
molecular_train	fr_Ar_COO	48152	2383	45769	0	0.01888375996642887	0.010290808188948852	0.0	0.0	0.0	0.0	0.0	0.0	0.0	0.5040059356988996	0.004005935698899621	0.008011871397799242	0.008011871397799242	negligible	54970681.0	0.00012797073047751713	0.0080113487857848	0.998438123830078	0.9899900315667054	0.00020664903143776842	True	False	False	False
molecular_train	fr_bicyclic	48152	2383	45769	0	2.2354175409148134	2.252572702047237	1.0	1.0	0.0	4.0	0.0	4.0	0.0	0.4962366708837178	0.003763329116282188	-0.007526658232564376	0.007526658232564376	negligible	54123306.5	0.5265487026872027	0.02119482364352132	0.257150604700668	0.28283352716398075	0.5947544931907263	False	False	False	False
molecular_train	fr_amidine	48152	2383	45769	0	0.00839278220730172	0.001966396469225895	0.0	0.0	0.0	0.0	0.0	0.0	0.0	0.5031663594976349	0.0031663594976348852	0.0063327189952697704	0.0063327189952697704	negligible	54879110.5	8.611055043714167e-12	0.006334479372581692	0.9999858546476392	0.9980478484798139	1.9155204076833552e-11	True	False	False	False
molecular_train	fr_ArN	48152	2383	45769	0	0.009651699538396978	0.0024689200113614017	0.0	0.0	0.0	0.0	0.0	0.0	0.0	0.5029959421377547	0.0029959421377546702	0.0059918842755093404	0.0059918842755093404	negligible	54860523.5	3.8921228488445203e-08	0.005989408744914604	0.9999968423367747	0.9973002159827213	7.713479827710049e-08	True	False	False	False
molecular_train	NumHeterocycles	48152	2383	45769	0	1.4758707511540075	1.4505232799493106	1.0	1.0	0.0	2.0	0.0	2.0	0.0	0.5029541331765961	0.0029541331765960965	0.005908266353192193	0.005908266353192193	negligible	54855963.5	0.6145234385952232	0.01310222244243242	0.8266159370384403	0.33221880711081575	0.6731965307224053	False	False	False	False
molecular_train	fr_epoxide	48152	2383	45769	0	0.053294167016365926	0.04546745613843431	0.0	0.0	0.0	0.0	0.0	0.0	0.0	0.5029146026204482	0.002914602620448181	0.005829205240896362	0.005829205240896362	negligible	54851652.0	0.17032576103246033	0.005784333956705523	0.9999988644784616	0.9572395746801794	0.2097797508761376	False	False	False	False
molecular_train	FpDensityMorgan2	48152	2383	45769	0	1.7006733528103355	1.6976298071282687	1.736842105263158	1.7428571428571429	1.5181878306878307	1.9230769230769231	1.4883720930232558	1.9444444444444444	-0.006015037593984918	0.4973385341358294	0.002661465864170598	-0.005322931728341196	0.005322931728341196	negligible	54243484.0	0.6608021557995218	0.02840661272167655	0.05071538255531283	0.0	0.7096299013019496	False	False	False	False
molecular_train	VSA_EState5	48152	2383	45769	0	-0.6583576223460406	-0.7118133406553303	-0.0571310540080995	-0.0569952024019468	-1.381610107537372	0.811649896069539	-1.5158362266891756	0.8972661039724521	-0.00013585160615270375	0.4977923722429316	0.0022076277570683978	-0.0044152555141367955	0.0044152555141367955	negligible	54292983.0	0.7158742813318033	0.022449413380391414	0.20071366537549196	0.047827712244558895	0.7508724300395281	False	False	False	False
molecular_train	fr_ketone_Topliss	48152	2383	45769	0	0.24674779689467058	0.2556096921497083	0.0	0.0	0.0	0.0	0.0	0.0	0.0	0.49782073082119116	0.0021792691788088403	-0.004358538357617681	0.004358538357617681	negligible	54296076.0	0.608966207876267	0.004646314204960422	0.9999999997388439	0.7948371822561887	0.6715163433087671	False	False	False	False
molecular_train	fr_guanido	48152	2383	45769	0	0.010071338648762064	0.0051781773689615245	0.0	0.0	0.0	0.0	0.0	0.0	0.0	0.5021720030380811	0.0021720030380810718	0.0043440060761621435	0.0043440060761621435	negligible	54770658.5	0.0008323323595832694	0.004346234053697717	0.999999999991069	0.9961579996677189	0.0012868684708450548	True	False	False	False
molecular_train	fr_isothiocyan	48152	2383	45769	0	0.004616030214015947	0.00041512814350324457	0.0	0.0	0.0	0.0	0.0	0.0	0.0	0.5021004510352564	0.0021004510352563566	0.004200902070512713	0.004200902070512713	negligible	54762854.5	1.1254339761105999e-15	0.004200902070512713	0.9999999999986644	0.9993769729190896	3.1454436768219332e-15	True	False	False	False
molecular_train	fr_C_S	48152	2383	45769	0	0.004616030214015947	0.0006336166400838996	0.0	0.0	0.0	0.0	0.0	0.0	0.0	0.501991206786966	0.00199120678696596	0.00398241357393192	0.00398241357393192	negligible	54750939.5	4.746292449557547e-11	0.003982413573932031	0.9999999999999485	0.9991692972254528	1.0144036803956325e-10	True	False	False	False
molecular_train	fr_Ndealkylation2	48152	2383	45769	0	0.027276542173730593	0.023006838689942976	0.0	0.0	0.0	0.0	0.0	0.0	0.0	0.5019301712048537	0.0019301712048537256	0.0038603424097074512	0.0038603424097074512	negligible	54744282.5	0.20968569393940284	0.0038583803224950808	0.9999999999999937	0.9780694467519522	0.2525496203248056	False	False	False	False
molecular_train	fr_sulfide	48152	2383	45769	0	0.011330255979857323	0.00782188817758745	0.0	0.0	0.0	0.0	0.0	0.0	0.0	0.5016942485548425	0.001694248554842459	0.003388497109684918	0.003388497109684918	negligible	54718551.0	0.057637361516247654	0.00339010162025577	1.0	0.9927313507227115	0.07708555098492018	False	False	False	False
molecular_train	PEOE_VSA5	48152	2383	45769	0	0.4775355458748906	0.47632662225278216	0.0	0.0	0.0	0.0	0.0	0.0	0.0	0.4983435628828369	0.0016564371171631231	-0.0033128742343262463	0.0033128742343262463	negligible	54353100.0	0.47987372079448887	0.00726397693054881	0.9997113635350731	0.9474788170792491	0.5535051382708919	False	False	False	False
molecular_train	fr_piperzine	48152	2383	45769	0	0.005035669324381032	0.0014420240774323232	0.0	0.0	0.0	0.0	0.0	0.0	0.0	0.5016307832852944	0.0016307832852944237	0.0032615665705888475	0.0032615665705888475	negligible	54711629.0	6.616716811966349e-05	0.0032614015352158132	1.0	0.9984839674364513	0.00011011024923730259	True	False	False	False
molecular_train	EState_VSA11	48152	2383	45769	0	0.12607610325259622	0.16596620906624507	0.0	0.0	0.0	0.0	0.0	0.0	0.0	0.498377537248094	0.0016224627519059731	-0.0032449255038119462	0.0032449255038119462	negligible	54356805.5	0.2783842833215606	0.004058238159191041	0.9999999999998308	0.9792739657750457	0.3262783535704313	False	False	False	False
molecular_train	fr_SH	48152	2383	45769	0	0.00419639110365086	0.0014420240774323232	0.0	0.0	0.0	0.0	0.0	0.0	0.0	0.5014862443887629	0.0014862443887628807	0.0029724887775257613	0.0029724887775257613	negligible	54695864.5	0.00013144439546022697	0.002972855522799245	1.0	0.998629340421997	0.00021069763389948144	True	False	False	False
molecular_train	fr_nitro	48152	2383	45769	0	0.00419639110365086	0.0014857217767484541	0.0	0.0	0.0	0.0	0.0	0.0	0.0	0.5014642580096274	0.0014642580096273505	0.002928516019254701	0.002928516019254701	negligible	54693466.5	0.0002060877093772993	0.0029291578234831306	1.0	0.9985878052832696	0.0003279351871843157	True	False	False	False
molecular_train	fr_sulfonamd	48152	2383	45769	0	0.003357112882920688	0.00019663964692258953	0.0	0.0	0.0	0.0	0.0	0.0	0.0	0.5013704583216597	0.0013704583216597177	0.0027409166433194354	0.0027409166433194354	negligible	54683236.0	8.227605984946645e-13	0.002740834125632974	1.0	0.9996677188901811	1.9495848964330092e-12	True	False	False	False
molecular_train	fr_COO2	48152	2383	45769	0	0.11917750734368443	0.12720400270925736	0.0	0.0	0.0	0.0	0.0	0.0	0.0	0.4987152087898719	0.001284791210128089	-0.002569582420256178	0.002569582420256178	negligible	54393634.5	0.6916679585641565	0.003198523058105196	1.0	0.893794650274132	0.7366449710517903	False	False	False	False
molecular_train	fr_alkyl_halide	48152	2383	45769	0	0.02643726395300042	0.024623653564639823	0.0	0.0	0.0	0.0	0.0	0.0	0.0	0.4987988817239801	0.0012011182760198746	-0.0024022365520397493	0.0024022365520397493	negligible	54402760.5	0.3015265133943743	0.002777627845178987	1.0	0.9876017610898821	0.3515121920854203	False	False	False	False
molecular_train	fr_lactam	48152	2383	45769	0	0.0029374737725556023	0.0005462212414516376	0.0	0.0	0.0	0.0	0.0	0.0	0.0	0.501195626265552	0.00119562626555203	0.00239125253110406	0.00239125253110406	negligible	54664167.5	1.0050956877362026e-05	0.002391252531103949	1.0	0.9993354377803622	1.8259238327207683e-05	True	False	False	False
molecular_train	fr_COO	48152	2383	45769	0	0.11917750734368443	0.12689811881404445	0.0	0.0	0.0	0.0	0.0	0.0	0.0	0.4988242880027893	0.0011757119972107266	-0.0023514239944214532	0.0023514239944214532	negligible	54405531.5	0.7164287405881736	0.003176674208447028	1.0	0.8940023259677687	0.7508724300395281	False	False	False	False
molecular_train	fr_phos_acid	48152	2383	45769	0	0.005455308434746118	0.002905897004522712	0.0	0.0	0.0	0.0	0.0	0.0	0.0	0.5011364565000177	0.0011364565000177018	0.0022729130000354036	0.0022729130000354036	negligible	54657714.0	0.01638462718790296	0.002273692333741084	1.0	0.9979647782023592	0.023044185335244164	True	False	False	False
molecular_train	fr_N_O	48152	2383	45769	0	0.005455308434746118	0.011536192619458586	0.0	0.0	0.0	0.0	0.0	0.0	0.0	0.4988874782133825	0.0011125217866175263	-0.0022250435732350526	0.0022250435732350526	negligible	54412423.5	0.11883654545560612	0.002223365713609704	1.0	0.995368832031899	0.1514992216919423	False	False	False	False
molecular_train	fr_HOCCN	48152	2383	45769	0	0.003357112882920688	0.001267233280167799	0.0	0.0	0.0	0.0	0.0	0.0	0.0	0.5010776030522816	0.0010776030522815505	0.002155206104563101	0.002155206104563101	negligible	54651295.0	0.0045460609984624995	0.0021554261517271467	1.0	0.9986916431300881	0.006741777535134863	True	False	False	False
molecular_train	fr_aldehyde	48152	2383	45769	0	0.031053294167016365	0.03465227555769189	0.0	0.0	0.0	0.0	0.0	0.0	0.0	0.4989716691751891	0.001028330824810908	-0.002056661649621816	0.002056661649621816	negligible	54421606.0	0.5788581755479647	0.0020130372993604206	1.0	0.9678725701943844	0.647133755227981	False	False	False	False
molecular_train	fr_quatN	48152	2383	45769	0	0.01174989509022241	0.01369922873560707	0.0	0.0	0.0	0.0	0.0	0.0	0.0	0.49920753222909325	0.0007924677709067462	-0.0015849355418134925	0.0015849355418134925	negligible	54447331.0	0.5027727880619028	0.0015824141680593762	1.0	0.9871656421332448	0.5768571972488424	False	False	False	False
molecular_train	fr_nitro_arom	48152	2383	45769	0	0.002517834662190516	0.0010268959339290787	0.0	0.0	0.0	0.0	0.0	0.0	0.0	0.5007781601209313	0.0007781601209313482	0.0015563202418626965	0.0015563202418626965	negligible	54618635.5	0.021462511879825386	0.0015564852772356197	1.0	0.9989616215318159	0.02980144961657283	True	False	False	False
molecular_train	fr_hdrzine	48152	2383	45769	0	0.001678556441460344	0.000174790797264524	0.0	0.0	0.0	0.0	0.0	0.0	0.0	0.5007627889096633	0.0007627889096633034	0.0015255778193266067	0.0015255778193266067	negligible	54616959.0	1.5530990935113186e-06	0.0015256144938537997	1.0	0.9997715567369995	2.969961424433925e-06	True	False	False	False
molecular_train	fr_nitro_arom_nonortho	48152	2383	45769	0	0.00209819555182543	0.0005899189407677686	0.0	0.0	0.0	0.0	0.0	0.0	0.0	0.5007541383055287	0.0007541383055287287	0.0015082766110574575	0.0015082766110574575	negligible	54616015.5	0.0053458157942653265	0.0015082766110576795	1.0	0.9993354377803622	0.007874242183444874	True	False	False	False
molecular_train	fr_phos_ester	48152	2383	45769	0	0.003357112882920688	0.002643710808625926	0.0	0.0	0.0	0.0	0.0	0.0	0.0	0.5007164735659587	0.0007164735659587196	0.0014329471319174392	0.0014329471319174392	negligible	54611907.5	0.12629872769419145	0.001434414113010929	1.0	0.9980063133410866	0.1582363369961709	False	False	False	False
molecular_train	fr_oxime	48152	2383	45769	0	0.001678556441460344	0.003080687801787236	0.0	0.0	0.0	0.0	0.0	0.0	0.0	0.49929697681694024	0.0007030231830597589	-0.0014060463661195177	0.0014060463661195177	negligible	54457086.5	0.18848597602405304	0.0014066423271886785	1.0	0.9974040538295398	0.2308423751305818	False	False	False	False
molecular_train	fr_term_acetylene	48152	2383	45769	0	0.001258917331095258	0.002687408507942057	0.0	0.0	0.0	0.0	0.0	0.0	0.0	0.49931848642722043	0.0006815135727795685	-0.001363027145559137	0.001363027145559137	negligible	54459432.5	0.19874629239235875	0.0013629446278725643	1.0	0.9974455889682672	0.24204855721527488	False	False	False	False
molecular_train	fr_furan	48152	2383	45769	0	0.03524968527066723	0.03786405645742752	0.0	0.0	0.0	0.0	0.0	0.0	0.0	0.4993579482186297	0.0006420517813702786	-0.0012841035627405573	0.0012841035627405573	negligible	54463736.5	0.7442792477559682	0.0013109309794839819	1.0	0.9635736833361024	0.7763295502909142	False	False	False	False
molecular_train	SMR_VSA6	48152	2383	45769	0	10.706395458159774	10.167880848533217	6.606881964512918	6.606881964512918	0.0	14.219595082555069	0.0	13.902739847377362	0.0	0.49940413520148846	0.0005958647985115362	-0.0011917295970230724	0.0011917295970230724	negligible	54468774.0	0.9196276198765586	0.030439600963905522	0.029452823255822103	0.36179182588469844	0.9456548166655179	False	False	False	False
molecular_train	fr_dihydropyridine	48152	2383	45769	0	0.001258917331095258	0.0004369769931613101	0.0	0.0	0.0	0.0	0.0	0.0	0.0	0.500410970168967	0.00041097016896696204	0.0008219403379339241	0.0008219403379339241	negligible	54578587.0	0.07341053826100664	0.0008219403379339241	1.0	0.9995223459046353	0.09699089297514817	False	False	False	False
molecular_train	fr_prisulfonamd	48152	2383	45769	0	0.000839278220730172	6.55465489741965e-05	0.0	0.0	0.0	0.0	0.0	0.0	0.0	0.500386865835878	0.00038686583587799195	0.0007737316717559839	0.0007737316717559839	negligible	54575958.0	0.0003017235882564048	0.0007737316717559839	1.0	0.9998961621531816	0.00047663581333258145	True	False	False	False
molecular_train	NumRadicalElectrons	48152	2383	45769	0	0.0	0.0009176516856387511	0.0	0.0	0.0	0.0	0.0	0.0	0.0	0.4996613428303	0.00033865716969999626	-0.0006773143393999925	0.0006773143393999925	negligible	54496827.0	0.20379003285587294	0.0006773143393999925	1.0	0.9993562053497259	0.24681237312544613	False	False	False	False
molecular_train	fr_urea	48152	2383	45769	0	0.0	0.0006336166400838996	0.0	0.0	0.0	0.0	0.0	0.0	0.0	0.4997050405296161	0.00029495947038388204	-0.0005899189407677641	0.0005899189407677641	negligible	54501593.0	0.2356395204376962	0.0005899189407677641	1.0	0.9994392756271806	0.2791816057359662	False	False	False	False
molecular_train	fr_hdrzone	48152	2383	45769	0	0.000839278220730172	0.000262186195896786	0.0	0.0	0.0	0.0	0.0	0.0	0.0	0.5002885460124168	0.00028854601241679045	0.0005770920248335809	0.0005770920248335809	negligible	54565234.5	0.10719186530177632	0.0005770920248333589	1.0	0.9997092540289084	0.13745780373992494	False	False	False	False
molecular_train	fr_nitrile	48152	2383	45769	0	0.00419639110365086	0.0028840481548646464	0.0	0.0	0.0	0.0	0.0	0.0	0.0	0.5002594997867696	0.0002594997867696458	0.0005189995735392916	0.0005189995735392916	negligible	54562066.5	0.6440475972890971	0.000795580521414041	1.0	0.997134075427812	0.6985192846220059	False	False	False	False
molecular_train	fr_priamide	48152	2383	45769	0	0.000839278220730172	0.00048067469247744106	0.0	0.0	0.0	0.0	0.0	0.0	0.0	0.5002448299758369	0.00024482997583685773	0.0004896599516737155	0.0004896599516737155	negligible	54560466.5	0.22800241881779526	0.0004896966262011304	1.0	0.9996261837514537	0.27235881749210417	False	False	False	False
molecular_train	fr_imide	48152	2383	45769	0	0.001678556441460344	0.0013764775284581267	0.0	0.0	0.0	0.0	0.0	0.0	0.0	0.5002164759818933	0.00021647598189333817	0.00043295196378667633	0.00043295196378667633	negligible	54557374.0	0.5624042911198261	0.000433172010950611	1.0	0.9987331782688155	0.6319800797119696	False	False	False	False
molecular_train	fr_benzodiazepine	48152	2383	45769	0	0.000419639110365086	0.0	0.0	0.0	0.0	0.0	0.0	0.0	0.0	0.5002098195551825	0.00020981955518251105	0.0004196391103650221	0.0004196391103650221	negligible	54556648.0	1.1736715537289377e-05	0.00041963911036513313	1.0	0.9999792324306364	2.114548749693458e-05	True	False	False	False
molecular_train	fr_tetrazole	48152	2383	45769	0	0.000419639110365086	2.18488496580655e-05	0.0	0.0	0.0	0.0	0.0	0.0	0.0	0.5001988951303535	0.000198895130353538	0.000397790260707076	0.000397790260707076	negligible	54555456.5	0.003308448721379679	0.000397790260707076	1.0	0.9999584648612726	0.004940012474388835	True	False	False	False
molecular_train	fr_thiophene	48152	2383	45769	0	0.001678556441460344	0.0017042102733291092	0.0	0.0	0.0	0.0	0.0	0.0	0.0	0.5001944254223349	0.00019442542233494287	0.00038885084466988573	0.00038885084466988573	negligible	54554969.0	0.6086840021206843	0.00038947431163449675	1.0	0.9986916431300881	0.6715163433087671	False	False	False	False
molecular_train	fr_thiazole	48152	2383	45769	0	0.000839278220730172	0.0015075706264065197	0.0	0.0	0.0	0.0	0.0	0.0	0.0	0.49982962848327905	0.0001703715167209463	-0.0003407430334418926	0.0003407430334418926	negligible	54515181.5	0.6342225573686724	0.0003405596608053729	1.0	0.9988370161156338	0.6913025875318529	False	False	False	False
molecular_train	fr_sulfone	48152	2383	45769	0	0.000839278220730172	0.0005462212414516376	0.0	0.0	0.0	0.0	0.0	0.0	0.0	0.5001574437458365	0.00015744374583648302	0.00031488749167296604	0.00031488749167296604	negligible	54550935.5	0.5188724415541748	0.0003149058289365625	1.0	0.9994600431965442	0.589136418014636	False	False	False	False
molecular_train	fr_morpholine	48152	2383	45769	0	0.000839278220730172	0.0006336166400838996	0.0	0.0	0.0	0.0	0.0	0.0	0.0	0.5001028307903232	0.00010283079032324949	0.00020566158064649898	0.00020566158064649898	negligible	54544979.0	0.6995962319916773	0.00020566158064627693	1.0	0.9993562053497259	0.7403494105542994	False	False	False	False
molecular_train	fr_thiocyan	48152	2383	45769	0	0.0	0.00010924424829032752	0.0	0.0	0.0	0.0	0.0	0.0	0.0	0.49994537787585486	5.462212414514278e-05	-0.00010924424829028556	0.00010924424829028556	negligible	54527806.0	0.6099093393354856	0.00010924424829028556	1.0	0.9998961621531816	0.6715163433087671	False	False	False	False
molecular_train	fr_azo	48152	2383	45769	0	0.000839278220730172	0.00032773274487098256	0.0	0.0	0.0	0.0	0.0	0.0	0.0	0.5000460219474857	4.60219474857082e-05	9.20438949714164e-05	9.20438949714164e-05	negligible	54538783.0	0.8100748106627075	0.00041963911036513313	1.0	0.9996677188901811	0.8409348034498582	False	False	False	False
molecular_train	fr_azide	48152	2383	45769	0	0.0	0.00021848849658065504	0.0	0.0	0.0	0.0	0.0	0.0	0.0	0.4999563023006839	4.3697699316114225e-05	-8.739539863222845e-05	8.739539863222845e-05	negligible	54528997.5	0.648156283362977	8.739539863222845e-05	1.0	0.9999169297225453	0.6994953949164802	False	False	False	False
molecular_train	fr_nitroso	48152	2383	45769	0	0.0	6.55465489741965e-05	0.0	0.0	0.0	0.0	0.0	0.0	0.0	0.4999672267255129	3.277327448708567e-05	-6.554654897417134e-05	6.554654897417134e-05	negligible	54530189.0	0.6927166012184267	6.554654897417134e-05	1.0	0.999937697291909	0.7366449710517903	False	False	False	False
molecular_train	fr_oxazole	48152	2383	45769	0	0.000419639110365086	0.00045882584281937554	0.0	0.0	0.0	0.0	0.0	0.0	0.0	0.4999804066337728	1.959336622719965e-05	-3.91867324543993e-05	3.91867324543993e-05	negligible	54531626.5	0.9304723002311777	3.9186732454288276e-05	1.0	0.999543113473999	0.9523143730065574	False	False	False	False
molecular_train	fr_alkyl_carbamate	48152	2383	45769	0	0.0	2.18488496580655e-05	0.0	0.0	0.0	0.0	0.0	0.0	0.0	0.49998907557517097	1.0924424829028556e-05	-2.1848849658057112e-05	2.1848849658057112e-05	negligible	54532572.0	0.8195812636913231	2.1848849658057112e-05	1.0	0.9999792324306364	0.8467711634346371	False	False	False	False
molecular_train	SMR_VSA8	48152	2383	45769	0	0.0	0.0	0.0	0.0	0.0	0.0	0.0	0.0	0.0					not_testable	54533763.5	1.0	0.0	1.0	1.0	1.0	False	False	False	False
molecular_train	SlogP_VSA9	48152	2383	45769	0	0.0	0.0	0.0	0.0	0.0	0.0	0.0	0.0	0.0					not_testable	54533763.5	1.0	0.0	1.0	1.0	1.0	False	False	False	False
molecular_train	fr_barbitur	48152	2383	45769	0	0.0	0.0	0.0	0.0	0.0	0.0	0.0	0.0	0.0					not_testable	54533763.5	1.0	0.0	1.0	1.0	1.0	False	False	False	False
molecular_train	fr_diazo	48152	2383	45769	0	0.0	0.0	0.0	0.0	0.0	0.0	0.0	0.0	0.0					not_testable	54533763.5	1.0	0.0	1.0	1.0	1.0	False	False	False	False
molecular_train	fr_isocyan	48152	2383	45769	0	0.0	0.0	0.0	0.0	0.0	0.0	0.0	0.0	0.0					not_testable	54533763.5	1.0	0.0	1.0	1.0	1.0	False	False	False	False
